241
75
101
121
90
100
240
240
144
79
240
150
76
240
90
90
121
151
120
96
97
80
125
240
121
150
91
180
91
120
75
180
240
150
240
114
90
120
241
180
91
61
121
91
120
120
125
151
171
90
90
150
91
150
60
121
150
75
120
131
150
73
60
120
150
75
101
175
91
90
180
140
60
120
101
151
240
239
180
240
120
30
240
90
30
180
121
50
144
91
150
301
240
56
240
90
90
91
90
151
120
50
210
90
192
120
150
241
241
210
120
270
60
151
151
210
150
150
180
120
40
180
180
181
90
301
120
240
60
180
90
120
240
100
90
176
75
240
151
96
150
121
120
24
180
180
181
210
100
73
76
150
25
120
90
180
151
158
150
96
97
150
150
24
150
72
241
45
121
120
192
125
180
150
210
90
61
91
241
60
120
101
241
91
240
121
121
150
241
240
48
90
150
151
240
120
176
90
91
91
151
45
75
120
90
192
90
126
90
241
30
150
181
150
181
136
240
180
241
101
151
150
150
91
93
60
240
48
86
120
90
120
75
211
180
91
121
45
150
120
151
121
211
180
241
120
136
120
151
240
210
75
90
150
100
151
60
60
180
45
75
150
91
241
91
91
240
120
121
120
240
61
90
120
181
241
150
151
90
150
90
150
90
180
150
120
240
180
91
150
120
151
240
150
241
151
101
91
60
90
60
240
90
241
120
180
75
240
150
121
200
40
91
150
210
181
192
150
120
150
241
105
120
121
96
90
85
120
151
150
151
120
90
181
240
200
125
100
150
90
45
151
240
120
181
90
150
240
120
100
150
150
73
91
30
225
241
120
151
90
90
48
91
90
90
240
180
45
150
180
181
180
200
181
121
180
45
120
180
96
121
90
180
240
241
151
45
50
211
90
75
151
91
90
75
150
180
150
40
151
180
211
90
150
160
90
120
120
120
150
90
90
90
90
150
192
210
150
210
151
150
45
90
120
42
180
90
120
121
45
79
240
151
121
120
150
96
48
250
150
99
120
120
90
150
90
125
90
150
90
180
50
151
240
241
210
91
90
180
150
90
211
121
150
126
90
90
121
90
241
150
91
175
90
75
90
96
180
240
150
240
200
72
240
120
90
120
90
61
125
120
180
120
180
144
121
90
200
75
240
75
120
241
45
102
90
241
149
151
120
121
150
240
240
90
60
241
90
90
241
72
241
180
240
181
120
120
56
210
31
144
100
175
60
180
90
90
90
240
90
181
240
180
120
90
60
90
90
150
150
151
140
240
100
121
240
120
241
89
60
90
240
181
240
91
91
125
60
120
150
90
90
121
60
120
121
180
150
72
192
210
241
120
96
100
90
151
178
174
240
125
91
60
75
150
168
181
75
45
60
90
210
210
241
150
90
180
200
241
45
240
240
100
48
150
181
120
60
45
150
151
240
90
150
120
101
90
240
91
150
96
121
75
240
181
75
241
90
240
75
192
150
145
150
60
241
121
125
150
30
150
150
240
240
60
75
168
193
144
180
150
90
90
150
90
176
91
241
60
100
121
180
151
240
120
240
177
241
210
181
100
241
121
100
211
121
240
120
151
180
240
92
90
125
101
72
210
240
150
90
75
60
241
91
91
80
121
181
120
120
120
100
151
60
125
120
150
60
91
75
150
192
45
76
91
240
241
60
181
120
97
121
211
40
80
121
96
43
240
150
158
150
35
150
200
240
72
240
90
75
240
180
121
181
210
90
181
60
180
240
120
96
100
136
210
75
90
90
150
150
168
90
271
91
181
240
100
201
45
210
48
151
125
151
200
152
211
180
150
121
72
91
150
180
150
100
120
181
100
101
151
96
149
48
100
35
121
121
91
120
200
150
180
211
150
150
240
210
60
211
151
211
241
150
241
72
120
120
151
90
121
91
240
46
90
30
90
270
120
65
90
151
150
121
96
241
75
180
200
121
121
120
120
180
240
180
240
150
80
240
90
46
91
151
91
241
240
73
86
91
121
151
91
240
210
121
240
240
240
180
150
241
150
120
90
150
120
121
240
30
120
61
150
150
121
121
180
180
241
75
121
75
51
125
210
125
300
240
72
33
90
150
192
150
240
241
100
180
91
120
75
72
151
72
75
91
90
72
90
201
60
90
150
211
90
72
168
181
91
120
72
90
90
180
121
121
240
51
120
151
240
120
90
100
75
90
121
150
90
131
90
240
60
241
72
90
150
90
90
192
240
121
90
180
100
90
150
90
100
180
60
61
120
120
240
90
150
60
120
241
201
241
90
181
60
72
120
120
240
151
121
45
120
100
240
91
97
120
150
240
181
90
210
97
47
90
90
240
210
176
90
332
210
49
30
90
181
120
241
90
241
120
72
75
121
97
150
210
96
120
48
91
90
96
150
150
120
150
150
192
30
120
180
90
150
125
180
151
120
60
180
50
75
120
210
179
180
151
90
150
180
240
125
240
91
126
225
241
96
96
90
120
240
120
97
90
241
121
150
179
45
192
241
121
201
240
150
90
150
120
150
181
180
91
90
100
96
60
75
121
60
240
210
90
90
72
91
72
240
121
181
105
270
240
201
120
120
91
240
180
96
119
60
181
144
35
90
211
60
90
151
175
150
168
175
91
90
120
200
151
210
210
241
90
181
60
240
90
210
90
151
150
61
48
101
120
90
241
151
150
150
91
75
150
75
30
61
241
60
150
101
240
122
75
150
181
90
210
120
180
121
240
99
121
241
120
90
96
125
89
100
120
90
90
240
115
60
121
61
91
241
61
100
90
192
180
90
150
75
192
240
150
120
105
240
236
192
300
150
60
240
192
60
168
60
90
210
240
90
144
240
64
150
180
121
91
241
120
150
120
241
100
150
100
91
151
120
150
120
241
45
90
90
270
45
100
240
72
181
240
241
97
192
210
90
120
50
60
126
210
73
151
240
180
76
150
90
90
91
150
241
240
90
75
150
121
150
100
100
91
91
72
241
241
240
90
120
90
119
180
120
40
120
210
90
121
241
181
45
150
100
180
240
241
150
180
91
180
151
192
180
60
180
60
240
210
120
150
150
90
104
270
90
150
75
180
61
177
120
126
90
300
90
120
90
91
90
120
75
91
90
90
60
241
240
150
60
75
150
240
75
120
209
270
90
151
181
120
200
100
30
48
210
150
151
121
151
180
120
150
121
90
301
180
150
181
75
241
211
151
150
120
240
119
121
150
90
121
175
151
150
50
151
90
241
91
90
120
181
101
90
90
120
61
175
90
240
120
180
121
90
120
240
175
189
120
120
120
150
90
240
90
120
181
60
151
72
126
30
158
240
180
120
120
240
180
120
241
211
151
121
180
180
150
180
61
192
100
90
151
120
90
60
90
91
241
100
181
121
150
181
150
180
50
151
31
120
125
100
90
120
120
151
120
240
90
120
91
180
241
150
120
151
150
150
100
210
75
241
180
45
240
240
125
120
90
100
120
150
180
150
241
151
75
241
181
151
90
180
200
241
240
91
120
75
60
75
60
120
61
240
96
210
180
126
121
45
91
240
125
60
211
241
151
151
241
193
121
101
144
75
181
150
150
150
120
125
240
240
151
180
96
241
210
240
121
72
201
60
168
240
150
126
90
125
241
90
151
180
201
120
120
168
101
27
60
120
56
120
180
150
91
75
90
100
121
211
120
90
90
201
31
90
72
121
90
91
75
181
210
125
151
75
120
180
150
60
181
120
121
90
180
90
72
240
50
240
50
120
168
50
179
91
60
180
240
60
240
210
200
150
150
150
192
90
66
211
181
91
210
180
200
120
90
144
151
90
90
180
90
210
75
211
90
240
180
121
150
150
90
181
120
151
180
150
121
50
181
96
91
100
150
120
150
240
241
90
90
60
181
151
150
90
75
108
240
91
241
75
75
91
240
90
125
90
240
91
45
121
131
120
150
75
89
240
240
100
126
270
180
120
149
241
75
150
150
120
100
24
91
120
120
200
150
160
211
100
60
240
150
210
91
121
101
150
241
75
90
60
90
180
150
150
241
240
240
150
181
120
60
180
210
75
210
121
180
151
120
151
60
240
90
180
50
240
96
75
210
120
180
180
151
150
120
150
90
100
240
120
100
180
176
120
50
90
240
121
61
210
91
217
75
150
240
241
96
90
180
96
240
120
75
91
100
96
90
100
120
240
50
241
90
126
60
60
90
96
90
91
90
180
42
90
75
121
240
240
120
151
144
240
120
210
48
75
100
210
150
120
144
120
121
180
125
151
240
91
180
121
45
61
240
301
90
180
120
61
91
60
90
100
90
120
150
101
75
45
90
75
90
150
168
120
180
120
120
90
121
181
73
120
96
151
240
121
120
90
90
150
241
48
91
240
45
121
100
120
240
91
120
122
117
241
126
75
241
241
60
105
179
60
121
180
121
91
210
210
151
90
50
90
51
200
120
150
200
120
151
151
120
90
96
100
125
61
121
120
240
181
60
180
240
168
151
121
200
75
241
91
90
151
180
90
150
90
150
90
100
240
150
104
90
149
240
150
97
100
181
151
90
180
121
91
150
151
240
100
90
90
45
50
151
91
90
120
100
180
150
45
121
120
120
241
151
120
240
96
240
76
241
301
90
240
180
72
151
151
150
150
240
240
50
210
151
241
142
211
121
180
75
240
67
101
90
104
191
151
180
144
211
150
105
121
68
144
240
64
91
211
60
241
241
150
91
180
31
45
90
241
90
60
210
180
150
121
211
120
90
75
271
91
60
301
90
90
240
90
151
90
150
241
149
151
210
150
91
151
180
100
200
150
91
120
121
91
91
90
240
48
200
126
91
76
120
60
150
90
60
144
240
180
72
45
61
240
28
60
120
150
211
100
90
120
75
200
181
96
90
100
240
45
180
151
87
76
241
121
270
125
150
91
60
73
181
91
93
201
90
181
150
90
121
120
100
181
90
240
270
75
150
169
73
75
240
60
90
151
61
181
144
60
210
75
30
60
90
90
125
72
75
210
180
90
193
75
75
180
240
181
151
120
91
150
158
50
125
100
240
75
90
120
45
240
75
125
241
76
91
75
241
240
45
72
120
240
34
121
90
193
125
91
91
90
100
120
158
90
121
150
210
72
200
96
180
91
100
150
193
102
150
72
100
75
150
211
73
75
210
240
65
91
126
150
151
240
91
210
240
151
151
150
180
120
181
180
120
75
121
151
90
76
150
241
42
192
121
180
200
200
180
96
241
210
60
120
181
120
210
241
270
179
181
24
60
211
65
151
90
89
60
45
150
48
60
120
192
100
240
91
35
121
73
121
92
90
181
151
90
200
90
150
75
241
75
240
90
120
75
144
90
200
120
150
240
150
76
240
75
73
151
240
72
240
45
210
120
90
150
100
150
240
150
241
150
120
240
125
181
180
60
241
241
179
150
181
91
120
150
46
120
151
75
181
210
72
240
100
90
150
180
105
96
181
97
180
121
300
76
90
91
121
179
180
240
120
240
150
75
72
240
91
180
50
120
60
151
90
121
100
181
121
150
56
180
90
120
90
61
240
90
150
121
50
120
150
120
75
45
100
125
180
120
160
150
180
90
73
241
90
60
72
210
72
72
151
121
150
120
96
241
200
180
90
241
144
151
193
150
90
91
90
210
180
96
120
168
45
175
24
73
51
181
75
91
121
90
150
180
301
150
96
126
150
151
90
100
28
150
150
91
75
75
91
151
90
120
180
241
180
91
91
45
72
150
61
180
91
150
210
121
121
180
48
61
126
90
121
120
151
60
241
180
300
120
150
120
150
90
200
240
72
150
240
180
120
120
100
150
150
90
121
181
36
75
75
90
240
100
126
240
151
150
75
210
210
240
150
50
144
241
90
180
151
90
90
241
90
151
91
75
60
121
120
181
181
120
120
150
181
150
180
175
150
100
270
150
96
50
241
91
210
121
120
91
241
168
150
120
90
120
210
192
150
241
241
240
150
100
151
90
90
100
180
119
90
240
91
121
120
151
241
241
180
100
60
151
149
60
150
91
91
90
56
50
120
211
240
180
180
120
150
180
180
181
150
75
180
73
121
120
301
75
91
90
120
180
91
60
151
120
90
150
89
180
90
75
121
150
180
75
151
241
150
180
45
75
180
150
60
50
90
240
99
150
240
100
241
120
211
90
90
61
121
60
90
150
101
120
30
151
240
120
181
75
90
180
90
104
90
181
240
209
241
100
120
90
121
180
120
150
90
100
151
60
240
31
201
90
61
72
180
75
180
160
181
150
151
90
211
120
120
101
332
150
240
150
90
120
91
120
100
120
151
90
75
48
90
125
150
150
151
90
90
120
180
75
181
120
91
180
150
150
180
300
60
90
120
144
90
211
240
150
75
151
192
120
91
160
150
45
90
75
120
90
180
180
90
100
193
241
136
91
90
90
90
90
180
90
45
151
120
96
125
210
90
90
100
150
150
210
99
240
125
75
76
150
121
100
180
50
125
60
100
50
120
241
101
90
90
90
126
210
151
45
100
151
90
121
240
210
97
100
180
150
121
150
91
241
181
75
60
91
120
91
125
91
180
181
240
91
181
150
150
120
97
189
150
241
180
91
180
120
125
120
151
150
75
241
75
181
150
50
150
96
181
120
150
60
150
150
180
240
180
150
100
120
121
240
151
91
180
193
151
211
120
120
90
60
96
90
150
181
151
150
180
180
150
121
210
240
300
96
150
60
120
150
80
101
120
241
181
210
180
150
150
90
200
150
180
240
91
180
240
90
240
120
120
80
151
120
73
60
91
150
120
180
150
50
240
80
120
120
90
240
180
120
180
72
151
150
61
91
120
150
210
150
60
125
150
60
240
126
91
51
210
90
240
150
180
120
90
181
150
120
180
150
200
75
150
97
75
180
72
45
181
150
72
90
180
125
80
150
181
210
200
150
151
180
150
125
150
90
90
90
121
241
121
120
240
120
181
60
201
181
121
144
45
75
150
90
91
91
50
150
180
192
75
96
121
240
90
136
240
241
104
144
120
181
180
150
75
90
126
175
60
91
150
120
90
72
125
120
91
241
120
241
241
240
150
150
120
125
61
211
120
120
241
90
60
150
144
100
90
90
240
271
241
240
240
125
45
150
57
144
121
150
150
150
75
90
33
91
168
50
101
50
91
100
121
120
75
75
72
151
150
270
240
120
145
121
120
77
240
91
90
150
150
125
150
120
120
90
90
120
121
241
210
90
120
96
240
75
90
181
150
91
241
121
100
241
96
240
72
50
90
240
60
192
180
180
90
121
180
150
240
121
241
90
90
150
180
211
180
181
121
120
150
100
144
121
180
89
180
181
150
101
181
60
241
60
75
181
120
90
241
96
300
30
60
100
120
150
36
240
91
131
151
90
75
90
96
100
150
192
105
60
120
240
91
125
90
151
151
75
75
91
90
240
150
151
241
60
45
125
150
200
150
91
180
240
120
151
60
120
120
150
240
240
179
90
180
48
90
125
240
120
180
241
241
180
90
151
50
240
241
240
120
96
75
90
241
180
181
211
90
121
192
90
241
150
121
91
150
125
75
181
241
300
91
121
47
150
121
90
240
210
151
120
120
90
180
75
200
150
60
125
150
240
181
241
181
75
151
241
210
150
144
35
120
150
180
241
120
175
210
90
75
240
210
30
60
120
91
150
179
241
75
60
49
180
120
240
91
91
121
120
90
241
121
150
180
151
181
151
120
120
90
100
181
180
60
211
91
240
101
150
72
240
241
90
150
150
181
240
144
90
150
46
216
120
72
91
75
241
241
91
180
150
241
61
91
240
120
100
125
150
91
72
60
100
181
73
120
180
100
121
90
181
144
240
120
180
150
120
60
60
120
91
150
72
211
90
91
150
120
91
149
75
90
90
60
120
120
91
125
48
90
30
151
60
91
176
180
180
120
125
180
121
211
96
120
47
52
181
151
151
211
241
90
91
120
121
121
201
60
72
151
90
151
146
144
91
90
90
75
150
180
240
211
30
180
241
241
240
90
91
180
120
72
91
121
151
240
150
126
181
150
168
90
90
240
210
45
150
241
241
181
90
181
90
90
180
120
61
120
101
121
90
151
91
30
90
90
121
90
180
180
151
90
100
100
91
181
120
181
241
48
90
151
120
90
120
181
115
211
121
144
61
150
180
240
100
90
120
100
150
150
90
75
75
240
180
121
180
90
120
90
75
90
180
180
120
121
151
180
241
150
96
75
125
90
120
181
241
241
72
150
150
75
120
121
180
120
271
90
180
150
240
171
90
60
45
90
240
121
94
90
91
151
120
72
241
181
150
181
150
120
181
91
175
150
121
180
180
61
150
91
120
101
90
180
72
211
90
151
100
121
90
240
150
180
197
90
120
180
100
99
90
100
151
210
91
90
180
240
150
121
240
100
241
100
50
90
241
75
241
240
90
144
241
76
90
181
90
75
61
180
90
60
120
75
90
240
120
240
240
120
60
91
90
61
120
136
90
180
91
60
151
181
180
121
61
90
75
60
240
125
120
75
100
240
90
91
90
180
201
211
100
91
75
120
120
180
150
192
180
125
150
90
180
50
144
150
121
90
60
72
180
90
121
144
120
150
120
50
241
181
96
151
75
76
91
48
91
50
50
75
120
90
241
150
240
180
180
91
60
241
90
126
125
241
121
60
96
150
120
181
180
90
90
151
120
150
151
90
180
150
100
48
240
60
181
90
180
240
200
120
241
120
121
121
121
301
180
210
151
240
150
90
180
60
241
241
120
180
120
97
270
90
201
120
240
240
150
60
270
46
51
241
121
75
241
150
151
51
100
120
150
48
151
60
241
241
45
151
175
240
150
211
180
240
91
150
91
150
90
120
30
91
61
100
45
96
75
91
180
144
150
125
90
192
75
240
201
72
121
121
150
210
240
241
200
45
90
75
221
150
125
64
180
150
45
241
151
60
90
90
149
45
90
200
60
150
150
241
113
120
120
145
240
240
180
144
180
180
151
50
72
150
90
60
240
125
60
240
149
100
120
91
60
180
240
61
181
150
210
240
90
76
91
90
192
200
179
180
210
120
180
91
100
75
241
240
240
240
181
241
193
150
180
240
158
180
96
240
180
240
150
121
150
150
91
211
90
240
97
121
75
120
101
90
150
150
60
50
120
30
240
121
241
120
75
30
75
241
200
175
150
45
120
150
72
96
90
240
241
150
241
150
240
240
150
120
180
90
125
150
241
60
90
60
60
73
91
120
241
100
91
72
48
120
90
180
150
300
168
241
150
60
121
126
120
90
75
181
181
90
211
150
192
90
150
241
121
96
60
150
270
240
90
210
72
51
151
120
120
151
180
60
120
240
90
150
180
181
121
151
120
150
150
96
50
91
115
150
91
101
144
150
240
210
120
90
100
121
100
210
180
150
90
45
150
75
125
120
90
151
181
125
60
90
240
75
45
150
25
75
90
226
241
240
150
60
90
90
120
181
91
50
150
90
121
120
181
151
60
180
90
90
241
72
181
150
200
91
192
120
210
150
90
150
150
151
150
45
120
150
121
180
120
180
91
61
60
241
100
150
180
90
210
180
180
90
180
90
90
120
180
90
91
90
120
150
75
150
150
241
90
210
90
192
240
117
210
180
240
90
179
180
180
91
181
151
120
301
73
150
180
125
60
60
90
30
121
180
210
150
144
48
175
181
121
121
90
90
46
120
241
100
45
72
180
151
151
200
50
241
150
240
120
241
241
45
122
121
90
180
96
241
150
120
180
90
240
121
180
211
241
100
151
181
181
60
150
240
75
75
91
150
60
210
125
175
120
121
36
150
168
100
50
180
150
120
163
144
189
150
180
60
180
150
100
120
180
120
150
45
90
91
175
211
151
151
60
91
60
90
181
125
180
120
211
91
90
100
90
90
180
120
151
151
120
211
75
120
150
240
181
60
120
90
121
210
60
151
91
180
240
240
240
241
150
50
91
90
241
90
120
90
121
150
151
90
125
151
150
151
121
120
241
180
120
151
241
150
100
241
120
150
61
240
181
181
210
35
150
90
91
240
121
120
150
90
100
211
150
40
72
160
120
75
240
241
90
90
180
181
125
210
75
90
100
125
181
180
145
120
120
180
120
60
96
90
91
121
241
180
75
76
46
120
120
60
150
241
151
150
150
120
51
125
240
120
90
125
240
241
121
200
90
151
181
121
51
91
60
90
210
75
150
90
200
60
90
90
75
151
121
120
45
240
181
180
210
90
209
150
90
48
60
120
181
60
151
150
150
121
151
121
121
150
120
61
90
90
180
211
240
151
90
240
90
45
61
72
90
181
168
60
241
121
100
240
181
91
151
60
144
150
73
120
240
168
75
91
120
301
101
90
192
91
125
121
46
150
150
120
210
75
120
60
180
90
180
120
181
91
60
90
125
90
125
90
150
60
90
48
151
150
211
181
150
76
75
90
200
45
180
241
240
210
45
60
125
270
151
240
100
144
121
301
181
181
126
180
60
150
50
120
240
91
181
100
150
120
90
150
73
91
60
120
150
180
180
176
90
60
90
210
200
210
30
240
152
90
90
126
201
90
100
150
150
75
150
151
94
210
192
60
72
117
210
90
180
30
180
121
91
75
60
151
240
75
181
150
181
151
169
90
210
101
60
150
120
125
120
180
125
90
210
91
61
151
75
181
210
90
90
180
180
180
101
150
151
99
181
90
101
91
150
180
150
121
211
181
91
100
90
50
91
210
25
180
90
90
181
73
100
125
101
75
241
210
90
151
144
150
121
151
225
91
200
31
120
241
210
210
120
120
90
210
241
240
240
90
137
210
60
90
180